2.4814233779907227
2.083155632019043
2.5904650688171387
2.609111785888672
3.020509719848633
2.07637357711792
1.9972048997879028
2.920658588409424
2.3621761798858643
2.0486578941345215
2.822873592376709
2.78225040435791
2.9631330966949463
2.4226510524749756
2.283050298690796
2.4995875358581543
2.921701431274414
3.548880100250244
2.179600238800049
2.6426639556884766
2.0925493240356445
2.636707305908203
2.2212963104248047
2.823812246322632
2.1874372959136963
2.0439789295196533
2.5738654136657715
2.264644145965576
2.2057995796203613
2.907896041870117
2.5612645149230957
2.393820285797119
2.76188063621521
2.4595580101013184
1.992327094078064
2.375596523284912
2.439969539642334
2.094684600830078
2.6646230220794678
2.897843360900879
2.842853307723999
2.0441410541534424
3.0316638946533203
2.0138661861419678
2.1180665493011475
2.5838623046875
2.2240958213806152
2.5539116859436035
2.5880515575408936
2.64912748336792
2.106405258178711
3.065373420715332
2.1868271827697754
2.3279261589050293
2.2730867862701416
2.4199774265289307
2.2087645530700684
2.688366651535034
2.3813562393188477
2.788801431655884
2.5814342498779297
1.7879849672317505
2.338756561279297
2.2043957710266113
2.7634429931640625
2.859164237976074
2.642744779586792
2.7637457847595215
1.980487585067749
2.879256010055542
2.447601556777954
2.3246092796325684
2.710953712463379
2.736415386199951
2.1258158683776855
2.3887996673583984
2.3446197509765625
2.395930767059326
2.8143374919891357
2.450481653213501
2.3765616416931152
2.330143451690674
1.9913926124572754
2.988088607788086
2.5565671920776367
2.5950353145599365
2.4966368675231934
2.5254640579223633
2.193469524383545
3.290269136428833
2.4082765579223633
2.7316713333129883
2.787356376647949
2.3770532608032227
2.2395148277282715
2.499630928039551
2.897397518157959
2.641456127166748
3.0000572204589844
2.3947291374206543
2.7939064502716064
2.995992660522461
2.0054774284362793
2.249490261077881
2.38779878616333
2.5080504417419434
2.294278621673584
2.7982847690582275
2.4207961559295654
2.168091297149658
2.7298502922058105
2.585155963897705
2.386014223098755
2.9060487747192383
2.5567288398742676
2.168963670730591
1.6811299324035645
3.2830607891082764
1.6309728622436523
2.852262020111084
3.2133474349975586
2.759341239929199
2.027069568634033
3.145843505859375
2.5851571559906006
1.8615864515304565
3.013946056365967
2.9013404846191406
2.405050277709961
2.478311538696289
2.9386215209960938
2.0357635021209717
2.5464296340942383
2.1577091217041016
1.7640283107757568
3.103579521179199
2.6953184604644775
2.8351199626922607
2.3543620109558105
2.525740146636963
2.4322776794433594
2.1491127014160156
2.9016642570495605
2.4180550575256348
3.0065159797668457
2.5909368991851807
1.697184681892395
2.6225037574768066
2.9042043685913086
2.8063316345214844
2.3432865142822266
3.1150059700012207
2.203155040740967
2.3924269676208496
2.476656913757324
2.595088005065918
1.9980651140213013
2.549752712249756
2.333521842956543
3.330589771270752
2.8613204956054688
2.541527271270752
1.9652464389801025
2.2329487800598145
1.4611518383026123
2.577272653579712
3.0786826610565186
2.991248607635498
2.6061878204345703
2.4403750896453857
2.759942054748535
1.9745558500289917
2.619584560394287
2.7854223251342773
2.339378595352173
1.990604281425476
2.1323697566986084
2.3662850856781006
2.824756622314453
2.2162070274353027
2.2717039585113525
3.008178472518921
1.1494687795639038
2.196115493774414
2.6063480377197266
2.8764681816101074
3.1326162815093994
2.7482998371124268
2.4437990188598633
2.1286206245422363
2.5208990573883057
2.157954692840576
2.597727060317993
2.792640209197998
1.9038699865341187
2.7104299068450928
3.081090211868286
2.2633328437805176
2.5094518661499023
2.4974677562713623
2.833380699157715
1.9916146993637085
2.1668529510498047
2.5617456436157227
2.710771322250366
2.9795260429382324
2.3667469024658203
1.636001706123352
2.5780997276306152
2.672224998474121
2.0239593982696533
2.2922210693359375
2.7468156814575195
2.283902883529663
2.4021806716918945
2.2967309951782227
2.128551483154297
2.160921573638916
2.703094482421875
2.187927722930908
2.8032941818237305
2.124534845352173
2.9667162895202637
2.8261594772338867
2.5751214027404785
2.583466053009033
2.5958027839660645
1.9723904132843018
2.8448615074157715
3.0089199542999268
3.0282673835754395
2.055612087249756
2.4442596435546875
2.207622528076172
2.77670955657959
2.0753703117370605
2.9710845947265625
3.185642719268799
2.530582904815674
2.0893757343292236
2.129584550857544
2.652153730392456
3.0027213096618652
2.144235134124756
2.534187078475952
2.0258283615112305
2.337531328201294
2.9369754791259766
2.399761438369751
2.242664337158203
2.6998274326324463
2.9400646686553955
2.793607234954834
2.1211390495300293
2.9622390270233154
2.728494882583618
2.5837464332580566
3.0354957580566406
2.1218528747558594
2.8807168006896973
2.6166157722473145
2.57076358795166
2.1039366722106934
3.14237642288208
2.181379556655884
2.1422805786132812
2.6190266609191895
2.119420051574707
2.6962475776672363
2.2460134029388428
2.8117926120758057
2.8814401626586914
2.2147557735443115
2.8195557594299316
2.5355677604675293
2.167898416519165
2.5604305267333984
3.0043387413024902
2.0804684162139893
2.368210792541504
3.2716381549835205
2.5365915298461914
1.9423913955688477
2.40317964553833
2.672436237335205
3.0621650218963623
1.8997141122817993
2.839613437652588
2.8048195838928223
2.6414546966552734
2.5389037132263184
1.9250746965408325
2.5919547080993652
2.243279457092285
3.2520909309387207
2.455207586288452
2.855116367340088
3.0033130645751953
1.9090831279754639
2.8338704109191895
2.822030782699585
2.5596089363098145
2.8586974143981934
2.319626808166504
2.4648776054382324
3.1728413105010986
2.8714988231658936
2.8729069232940674
2.4535086154937744
2.601036548614502
2.4016776084899902
3.1399431228637695
2.6991257667541504
2.4365463256835938
2.8910980224609375
2.3488996028900146
2.531888008117676
3.1457877159118652
2.519821882247925
2.5544023513793945
3.2139148712158203
2.7013068199157715
3.0394599437713623
3.272766351699829
2.1240639686584473
3.4196324348449707
3.0614118576049805
2.848421573638916
3.461009979248047
3.2043447494506836
2.896239757537842
2.9339094161987305
3.2006473541259766
2.5571675300598145
2.6983213424682617
3.353590488433838
2.665666341781616
2.649371385574341
2.4314277172088623
2.917057514190674
2.451460361480713
3.666370391845703
1.4332689046859741
2.676051616668701
3.00940203666687
3.0074100494384766
1.5168265104293823
3.028841972351074
3.026884078979492
3.5110623836517334
2.9615354537963867
2.6018877029418945
1.465391993522644
3.1721420288085938
3.140195369720459
2.9628357887268066
2.5754241943359375
3.2243194580078125
2.095142364501953
2.8285574913024902
2.7552924156188965
3.22182297706604
3.1788272857666016
3.0437521934509277
1.6076136827468872
2.5910487174987793
1.942138671875
3.0770063400268555
2.381143808364868
3.125828266143799
3.455751895904541
3.0515990257263184
2.925466775894165
3.224189281463623
2.8917558193206787
3.442908763885498
2.793992042541504
2.4658803939819336
3.0413424968719482
3.0244617462158203
2.7813594341278076
3.242626190185547
3.369098663330078
2.173269033432007
2.4965009689331055
3.4870481491088867
3.0550217628479004
3.015148639678955
1.752219557762146
1.4159528017044067
2.4120078086853027
2.6685686111450195
2.7344915866851807
3.453042507171631
2.256958484649658
3.187493324279785
1.3346868753433228
2.7139620780944824
3.5770134925842285
3.1169307231903076
1.949149250984192
2.9474778175354004
1.9070165157318115
3.5641751289367676
2.9238440990448
2.9083847999572754
2.847972869873047
2.9542527198791504
2.2110307216644287
3.019638776779175
2.1220967769622803
2.983600616455078
3.3251404762268066
3.0140788555145264
3.0902915000915527
2.5532009601593018
3.183136224746704
2.4686150550842285
3.7300140857696533
3.3406753540039062
2.8531548976898193
2.1518468856811523
3.276249408721924
2.1186912059783936
2.1337642669677734
3.5293524265289307
2.8101577758789062
2.951911211013794
2.777161121368408
1.3482725620269775
3.48296856880188
2.2521700859069824
2.587754487991333
3.2368597984313965
3.0451858043670654
3.4740469455718994
2.961869955062866
2.7614831924438477
2.4907023906707764
2.683884382247925
1.2085384130477905
3.0305306911468506
3.3045735359191895
2.751800537109375
2.7571489810943604
3.0289418697357178
2.4071602821350098
3.232100009918213
2.60512375831604
1.920754075050354
1.805132269859314
2.9719996452331543
3.3456172943115234
2.7475905418395996
2.7639453411102295
2.704379081726074
1.0442396402359009
2.942298412322998
2.667814016342163
3.445176601409912
2.5986533164978027
1.7421749830245972
2.4042296409606934
2.6550374031066895
1.3967069387435913
3.395115613937378
2.8817572593688965
2.977994441986084
2.517439365386963
1.6367018222808838
2.4459729194641113
3.0112462043762207
2.701359272003174
3.270641565322876
3.1971523761749268
2.716517448425293
1.928428053855896
2.24086332321167
2.0359835624694824
2.2852845191955566
3.01602840423584
2.6214847564697266
3.291151762008667
2.69972562789917
3.113940954208374
2.2245283126831055
2.6520848274230957
3.1694841384887695
1.972206950187683
2.5345218181610107
2.774719476699829
2.162363290786743
2.8965461254119873
2.5380337238311768
3.362100839614868
2.571183443069458
2.9489808082580566
3.4857516288757324
2.7891056537628174
3.3853225708007812
2.4403018951416016
2.6632471084594727
2.4296865463256836
2.8606011867523193
2.9351813793182373
3.29732084274292
2.2994725704193115
2.0367472171783447
1.4003723859786987
1.5813524723052979
3.621429920196533
1.872548222541809
1.8661409616470337
2.495548725128174
2.458620548248291
2.692542791366577
1.7933530807495117
2.8823843002319336
2.6021177768707275
0.9061036705970764
3.051201343536377
1.8262832164764404
2.578486680984497
3.549929618835449
2.9311368465423584
1.7738302946090698
1.578001618385315
2.857769012451172
2.8211488723754883
3.2726316452026367
2.0023155212402344
2.334416389465332
2.3617162704467773
1.0170472860336304
3.044055700302124
2.250535011291504
2.2546870708465576
2.142526865005493
2.4184536933898926
3.5010275840759277
1.829732894897461
1.436409592628479
2.1581976413726807
2.6312737464904785
2.1782360076904297
2.6223034858703613
2.2811076641082764
2.6389660835266113
2.441382884979248
2.6300930976867676
3.132963180541992
2.39005708694458
3.5165395736694336
2.5543293952941895
1.4569553136825562
1.787913203239441
2.674114227294922
3.2251601219177246
2.766387701034546
2.8081037998199463
1.7633510828018188
2.445540428161621
2.4039876461029053
2.025125026702881
3.0764002799987793
3.1870040893554688
2.500903606414795
2.05263614654541
2.8179965019226074
2.699889659881592
2.4096670150756836
3.2671589851379395
2.1829545497894287
2.6333606243133545
2.2410621643066406
2.0354816913604736
3.055016040802002
2.7734899520874023
2.808647632598877
2.4427497386932373
3.0995826721191406
3.1439905166625977
1.7938913106918335
2.5845255851745605
1.6857444047927856
2.4135446548461914
2.455366373062134
3.034400701522827
2.4305148124694824
2.419497489929199
1.839089035987854
2.5163583755493164
2.8835763931274414
2.2805142402648926
3.159085512161255
1.6993123292922974
2.3506758213043213
3.169717788696289
2.2715344429016113
1.7492787837982178
2.564824342727661
2.0424394607543945
3.475094795227051
2.496558904647827
1.946755051612854
2.276515483856201
2.796224355697632
2.318230628967285
2.0540366172790527
2.0773801803588867
3.221362829208374
2.4216866493225098
2.469599962234497
3.2400362491607666
2.616150140762329
1.831438422203064
3.3330230712890625
2.514091968536377
1.6238439083099365
2.98659610748291
2.957872152328491
2.171966314315796
2.4007515907287598
1.9015213251113892
2.7341716289520264
1.6623417139053345
2.6110661029815674
2.544086456298828
2.627091407775879
3.0054290294647217
2.52890944480896
2.2818098068237305
2.3779044151306152
2.330265522003174
2.510176658630371
3.077436923980713
3.5584523677825928
2.7636280059814453
2.4540388584136963
2.6265928745269775
2.121307849884033
1.660837173461914
1.8295170068740845
2.6450815200805664
3.12003755569458
2.475964307785034
2.028841972351074
1.9800065755844116
2.601290225982666
2.6859641075134277
2.661773204803467
3.4905686378479004
2.414854049682617
2.963874340057373
2.5155186653137207
3.17267107963562
2.185117244720459
2.1764259338378906
2.83742618560791
2.3511862754821777
2.956815004348755
2.3182787895202637
3.288266658782959
2.9156994819641113
2.707125186920166
2.9351792335510254
2.2603256702423096
2.461876153945923
2.632384777069092
1.608449935913086
3.167685031890869
1.72598397731781
2.6970574855804443
3.072589159011841
2.8929009437561035
1.721989393234253
2.548798084259033
2.93588924407959
1.945549726486206
2.3032073974609375
3.391512155532837
1.7384835481643677
3.0646886825561523
2.190410614013672
1.6429115533828735
2.25421142578125
2.704841136932373
3.0478711128234863
1.410470724105835
2.488201141357422
3.0096435546875
2.5487823486328125
1.7337123155593872
1.513331413269043
2.6332504749298096
2.908139705657959
2.269181251525879
2.4578819274902344
1.9671460390090942
1.6830891370773315
2.503751516342163
1.8575679063796997
2.981337070465088
2.254145622253418
2.9448840618133545
2.484705924987793
1.8442857265472412
1.5511082410812378
2.6004481315612793
1.860836386680603
2.6008217334747314
2.760300397872925
1.9790383577346802
2.8148322105407715
1.799105167388916
2.8100850582122803
2.411543130874634
2.9798898696899414
2.164181709289551
2.6880435943603516
2.2362918853759766
2.014334201812744
2.3807902336120605
2.6741061210632324
2.6811447143554688
1.9075191020965576
1.541852355003357
2.3973026275634766
1.800123691558838
2.091737985610962
1.942330002784729
1.7309151887893677
2.773069381713867
3.107283592224121
1.5655262470245361
2.5312063694000244
2.0266990661621094
2.8900861740112305
2.635985851287842
1.8286155462265015
2.9125218391418457
1.6080496311187744
2.1677303314208984
1.5522078275680542
2.6985538005828857
2.4579102993011475
2.0905396938323975
2.259296178817749
2.699521541595459
2.7004637718200684
3.341428518295288
2.1267666816711426
1.4171222448349
2.7781033515930176
2.3344016075134277
2.461294651031494
2.9038219451904297
2.067045211791992
2.4941420555114746
2.059312105178833
2.024564743041992
3.0560998916625977
2.3179402351379395
2.3656015396118164
2.925041437149048
2.561459541320801
2.3964266777038574
3.1490955352783203
2.44334077835083
2.168778896331787
2.2024643421173096
0.1741795837879181
2.188228130340576
2.668830156326294
1.9643977880477905
2.4414491653442383
2.6604387760162354
3.031418800354004
2.493631362915039
1.944570541381836
2.9800620079040527
2.4982001781463623
3.016629934310913
3.2764949798583984
2.421860456466675
2.8140668869018555
2.093273162841797
2.5318408012390137
1.1672759056091309
2.0550448894500732
2.4401400089263916
2.740633487701416
3.3142170906066895
3.445366859436035
2.7645363807678223
2.0829267501831055
2.8867921829223633
3.406564712524414
3.212423801422119
1.4288984537124634
1.8044135570526123
1.9935740232467651
2.786430835723877
3.5492358207702637
2.300138473510742
2.7714831829071045
2.819551706314087
2.1972994804382324
2.4080653190612793
2.0409774780273438
2.2859344482421875
2.5029945373535156
2.37856388092041
2.6237542629241943
2.7968008518218994
1.922459363937378
3.544887065887451
1.794629454612732
1.818117380142212
2.798752546310425
3.314333200454712
1.2225714921951294
2.627103328704834
2.2170298099517822
2.10021710395813
1.9389063119888306
2.207869529724121
2.7482168674468994
1.9341766834259033
2.492219924926758
3.142352342605591
2.3017871379852295
1.9315158128738403
2.404860019683838
3.14955472946167
1.932517170906067
2.14548659324646
2.3834545612335205
2.0327813625335693
2.646979808807373
1.7450333833694458
2.884566307067871
3.0009188652038574
2.5780768394470215
2.199136257171631
2.0848708152770996
2.6865601539611816
1.5701500177383423
1.6848069429397583
1.6739479303359985
1.1697148084640503
2.716735601425171
2.773411273956299
1.5604557991027832
3.0376851558685303
2.721388816833496
1.3926631212234497
1.7383774518966675
2.5502750873565674
0.6799750328063965
2.9466891288757324
1.6640912294387817
2.101454734802246
1.9093626737594604
2.578826904296875
2.9778552055358887
2.4665842056274414
2.6050655841827393
1.8629181385040283
2.5102529525756836
1.7296253442764282
0.440025269985199
2.3923871517181396
1.8503206968307495
2.256756544113159
0.18032056093215942
2.0102479457855225
2.518995761871338
2.3066861629486084
2.3572487831115723
0.7439643144607544
2.2373147010803223
2.171477794647217
1.6967757940292358
1.9641467332839966
2.5050387382507324
1.2061225175857544
2.6514663696289062
2.164043426513672
1.1060231924057007
2.197279930114746
2.7099828720092773
1.930998682975769
2.545802593231201
2.5374042987823486
2.426706552505493
2.9413561820983887
1.795477271080017
1.8750332593917847
3.026998996734619
2.5998871326446533
2.7159202098846436
3.110917568206787
3.196756601333618
3.005621910095215
2.8221588134765625
2.5905261039733887
1.9331073760986328
1.3213196992874146
2.9200382232666016
2.402039051055908
2.5610103607177734
2.641101837158203
2.663790702819824
2.862520217895508
3.0126664638519287
3.249995708465576
2.860185384750366
3.2805182933807373
2.1319942474365234
2.556551456451416
2.078181266784668
2.708204746246338
2.231412172317505
2.3160979747772217
0.016225390136241913
2.5307469367980957
3.069424629211426
1.3582721948623657
1.8132885694503784
2.2732582092285156
2.915030002593994
2.4384355545043945
2.4343435764312744
2.978912830352783
3.2495102882385254
2.344613790512085
3.0884337425231934
2.3502488136291504
2.863353729248047
2.176938056945801
2.9412412643432617
1.7871185541152954
3.1592307090759277
2.3840174674987793
3.0371806621551514
2.521038055419922
3.173978090286255
1.700412631034851
2.6162643432617188
0.3944299817085266
2.7587695121765137
2.2615132331848145
2.238128185272217
1.5010406970977783
2.691481590270996
2.3721909523010254
1.8493715524673462
3.340379476547241
1.684874415397644
1.9806544780731201
3.084717273712158
2.9220364093780518
2.580446243286133
2.428220272064209
2.192512273788452
2.6282248497009277
2.63925838470459
1.3247019052505493
2.4922144412994385
1.636481523513794
2.3679566383361816
2.300949811935425
2.213672399520874
2.7445011138916016
1.7758616209030151
2.695685863494873
1.3403362035751343
2.4694249629974365
2.685835361480713
2.9233524799346924
2.8177366256713867
2.6105940341949463
2.7871780395507812
2.7791662216186523
2.7142772674560547
2.93794322013855
1.9919133186340332
2.401799201965332
1.6926406621932983
1.4875948429107666
2.259516716003418
2.377455949783325
2.350536823272705
1.4747213125228882
1.9155027866363525
3.0124928951263428
2.7786965370178223
1.389864206314087
2.0820674896240234
