-3.322244644165039
-1.7814346551895142
-1.8052431344985962
-2.576992988586426
-4.450364112854004
-3.436746835708618
-4.680821418762207
-5.231001853942871
-4.736275672912598
-3.4082679748535156
-2.628086566925049
-4.373236179351807
-1.2149113416671753
-1.4421406984329224
-1.1593003273010254
-2.9314568042755127
-2.7143495082855225
-2.50626277923584
-3.648139476776123
-2.1624600887298584
-3.288400650024414
-3.9423437118530273
-2.868875503540039
-3.2629342079162598
-2.8206684589385986
-3.2956809997558594
-1.7418012619018555
-1.6363739967346191
-1.3963388204574585
-1.7870813608169556
-3.506437301635742
-2.3551008701324463
-1.5910831689834595
-3.430143117904663
-3.9426989555358887
-2.1558358669281006
-3.8408396244049072
-3.144378185272217
-4.327922821044922
-2.6563262939453125
-1.2377468347549438
-4.642016410827637
-3.6096677780151367
-2.7587573528289795
-2.5364880561828613
-3.6427345275878906
-2.6348800659179688
-2.4555938243865967
-2.91414737701416
-2.3265979290008545
-3.24135160446167
-3.7890141010284424
-2.9715490341186523
-2.111633777618408
-2.90814471244812
-3.038743495941162
-1.9371403455734253
-1.8759742975234985
-2.9226460456848145
-2.26352596282959
-3.438345432281494
-1.8591142892837524
-1.301558494567871
-3.852800130844116
-3.222350597381592
-3.676180839538574
-3.6996052265167236
-2.8282470703125
-3.7463879585266113
-1.86742103099823
-3.4156455993652344
-3.1080844402313232
-4.720797538757324
-1.275572419166565
-3.5989134311676025
-2.4464516639709473
-4.860612869262695
-3.05275559425354
-3.062917709350586
-3.107422113418579
-4.839882850646973
-3.6903483867645264
-4.694383144378662
-4.475661277770996
-2.490725517272949
-4.688056945800781
-3.5906195640563965
-2.9197211265563965
-3.6357996463775635
-3.235820770263672
-2.6532485485076904
-3.832211971282959
-2.6040096282958984
-3.727893829345703
-2.7173357009887695
-2.883493661880493
-4.037252426147461
-3.654463052749634
-2.3338565826416016
-5.280745506286621
-2.328071117401123
-2.195984125137329
-2.772352695465088
-3.9267776012420654
-2.1559247970581055
-1.317179799079895
-2.8218274116516113
-3.122955799102783
-2.314781665802002
-4.240042686462402
-2.782050609588623
-3.5011024475097656
-1.8412485122680664
-4.542121410369873
-4.443960189819336
-3.9886112213134766
-3.256401538848877
-0.11138642579317093
-3.591416358947754
-4.139630317687988
-3.386930465698242
-2.3668363094329834
-4.546754837036133
-2.436288356781006
-4.091391563415527
-3.622279644012451
-2.012969970703125
-3.2337331771850586
-4.475218772888184
-1.9942201375961304
-2.5902528762817383
-4.0593953132629395
-3.847949981689453
-3.426976203918457
-1.9403704404830933
-1.558936357498169
-2.457599639892578
-3.4019904136657715
-4.091548919677734
-3.9229159355163574
-2.608469247817993
-2.7649879455566406
-2.501067638397217
-3.1154911518096924
-0.9226186275482178
-3.0230987071990967
-2.4460368156433105
-3.462282657623291
-3.7521209716796875
-1.2286407947540283
-2.0819590091705322
-2.8758130073547363
-2.9094796180725098
-4.525082588195801
-2.6629180908203125
-3.9972281455993652
-3.904501438140869
-3.4367549419403076
-4.514698505401611
-3.7131998538970947
-2.196730613708496
-3.0253520011901855
-2.358071804046631
-3.275311231613159
-3.062378406524658
-5.01292610168457
-2.903050422668457
-4.367928504943848
-3.956855297088623
-2.7421975135803223
-1.7067580223083496
-2.7114434242248535
-3.9733595848083496
-2.117737293243408
-3.414583206176758
-2.7327966690063477
-2.2806148529052734
-2.7216897010803223
-3.082953453063965
-3.7594141960144043
-2.868246555328369
-3.5543792247772217
-4.080472469329834
-2.2004222869873047
-1.888625144958496
-1.9842995405197144
-2.3626012802124023
-2.161965847015381
-3.7662110328674316
-1.5963865518569946
-4.356462001800537
-3.3771228790283203
-2.2470738887786865
-3.6092677116394043
-2.865821361541748
-1.671631932258606
-2.6270840167999268
-3.276862621307373
-1.93062162399292
-2.613044261932373
-4.478558540344238
-1.0072075128555298
-2.8887219429016113
-3.167196750640869
-2.2271766662597656
-3.02268648147583
-3.6882312297821045
-3.4454903602600098
-3.6934194564819336
-3.651010513305664
-2.2338147163391113
-2.535602331161499
-2.4537792205810547
-2.7906031608581543
-3.3905527591705322
-3.720280408859253
-4.621711730957031
-2.116406202316284
-2.328761577606201
-3.553584575653076
-1.8534709215164185
-1.8254718780517578
-2.5726122856140137
-4.251828193664551
-3.46810245513916
-2.6074275970458984
-2.7166948318481445
-2.138451099395752
-3.021052360534668
-3.4490907192230225
-2.333796501159668
-2.3072378635406494
-1.499151349067688
-3.254530429840088
-2.7826619148254395
-3.104802131652832
-3.4481663703918457
-3.2349157333374023
-3.351408004760742
-3.7492456436157227
-3.8454430103302
-6.6720476150512695
-2.885983467102051
-4.12272310256958
-2.064274311065674
-2.5277252197265625
-2.8261756896972656
-3.297880172729492
-3.0727005004882812
-3.853760242462158
-2.0127644538879395
-4.178072452545166
-1.7260953187942505
-3.9734907150268555
-2.5907187461853027
-2.6659975051879883
-2.96799898147583
-2.4138081073760986
-3.3183507919311523
-1.4043828248977661
-4.218531131744385
-3.2321720123291016
-0.5203760862350464
-4.469360828399658
-2.9684696197509766
-0.9448655843734741
-3.502645969390869
-2.7899909019470215
-2.8977270126342773
-2.652479648590088
-3.647216796875
-3.6382017135620117
-2.2667245864868164
-1.881170392036438
-3.101367235183716
-3.415313959121704
-3.50701904296875
-3.570237874984741
-2.0286059379577637
-3.2571825981140137
-1.948187232017517
-2.810673475265503
-2.6276674270629883
-3.7296791076660156
-2.2001993656158447
-3.34942626953125
-3.964400291442871
-4.176064491271973
-1.804774284362793
-4.811208248138428
-4.583579063415527
-2.79430890083313
-3.8427677154541016
-3.6851208209991455
-3.224888563156128
-3.6164228916168213
-2.1322619915008545
-2.318049907684326
-3.0784194469451904
-2.8491127490997314
-2.2426700592041016
-3.1735236644744873
-5.390906810760498
-3.10833740234375
-3.242877721786499
-3.8386142253875732
-2.489640712738037
-2.4961767196655273
-2.868335485458374
-2.5366477966308594
-3.1151857376098633
-2.8459653854370117
-3.0078935623168945
-3.0685205459594727
-3.369450092315674
-2.9768271446228027
-2.1703736782073975
-2.03067946434021
-4.4743242263793945
-3.3286190032958984
-2.3218493461608887
-1.341570258140564
-1.9426239728927612
-1.8664710521697998
-3.528034210205078
-2.6067616939544678
-2.4265103340148926
-3.592573642730713
-3.4460201263427734
-2.464160442352295
-2.76517391204834
-4.155068874359131
-2.609464168548584
-2.598418951034546
-1.8959438800811768
-4.271284103393555
-3.845895290374756
-3.123251438140869
-3.344151496887207
-4.155486583709717
-2.4218320846557617
-2.693145275115967
-2.9438323974609375
-2.893979549407959
-3.097036838531494
-3.7190897464752197
-3.5392866134643555
-3.6532015800476074
-3.138728618621826
-3.027639865875244
-3.0180816650390625
-2.4388132095336914
-1.9195393323898315
-2.5828123092651367
-2.321119785308838
-2.777827501296997
-2.4615089893341064
-1.9038337469100952
-2.3787384033203125
-2.867687225341797
-2.080805778503418
-2.7887978553771973
-3.249199628829956
-3.5031065940856934
-2.9044103622436523
-2.9062016010284424
-1.6240718364715576
-2.654496908187866
-5.313878059387207
-3.6667871475219727
-1.7662910223007202
-1.8558884859085083
-4.55779504776001
-3.163583517074585
-3.8096375465393066
-2.4837467670440674
-2.2714076042175293
-2.9228477478027344
-3.2925844192504883
-1.172869324684143
-3.0369720458984375
-1.8421404361724854
-2.8629283905029297
-3.0278191566467285
-2.296858310699463
-1.4386659860610962
-2.3439295291900635
-2.2448582649230957
-0.8946702480316162
-3.6307268142700195
-3.215132713317871
-2.1397197246551514
-2.5638368129730225
-3.4115538597106934
-1.6031562089920044
-3.321690559387207
-2.1360204219818115
-3.4430885314941406
-2.586348056793213
-3.8814353942871094
-3.2364139556884766
-2.1737172603607178
-2.409724712371826
-3.361210584640503
-3.569922685623169
-3.950455665588379
-2.330745220184326
-2.9674293994903564
-3.2860584259033203
-4.823619842529297
-3.511172294616699
-1.527466893196106
-4.042478561401367
-2.975722312927246
-2.1216113567352295
-1.81770658493042
-1.5688096284866333
-1.6337997913360596
-2.2421836853027344
-1.5197397470474243
-2.9767541885375977
-2.6913132667541504
-1.260652780532837
-4.112675189971924
-3.8022115230560303
-2.5530645847320557
-2.411105155944824
-2.062284231185913
-2.186566114425659
-2.3508167266845703
-3.104489326477051
-3.8282954692840576
-2.7704339027404785
-3.314734935760498
-2.0586695671081543
-3.8576178550720215
-3.1349549293518066
-1.6435915231704712
-2.0604748725891113
-2.7370710372924805
-2.3127949237823486
-3.7380640506744385
-1.0403648614883423
-1.9667924642562866
-3.1300339698791504
-3.2599754333496094
-2.651048183441162
-2.2329046726226807
-2.5957162380218506
-3.4048006534576416
-2.2480125427246094
-4.588598728179932
-1.607094168663025
-2.7252111434936523
-3.2649738788604736
-2.4854214191436768
-2.0113282203674316
-2.617867946624756
-2.782390594482422
-3.3888514041900635
-3.38889479637146
-1.8268088102340698
-2.367206335067749
-4.300680160522461
-2.883634328842163
-1.9354568719863892
-2.385232925415039
-3.905412197113037
-2.9896106719970703
-3.924485683441162
-2.8808445930480957
-2.4068093299865723
-2.913569927215576
-3.576993465423584
-4.02713680267334
-3.0260558128356934
-3.4966959953308105
-2.9121134281158447
-1.5633655786514282
-2.144116163253784
-3.8904619216918945
-3.317495822906494
-4.133009433746338
-2.026296615600586
-4.3689374923706055
-2.6117162704467773
-2.147135019302368
-2.9421329498291016
-3.481492519378662
-2.360875129699707
-3.5950679779052734
-2.990037441253662
-4.12288761138916
-4.644561767578125
-0.8229452967643738
-3.933011054992676
-3.3533363342285156
-2.2207448482513428
-3.3703932762145996
-1.8615331649780273
-2.8827083110809326
-1.794723391532898
-3.8376989364624023
-3.6688337326049805
-3.793658971786499
-2.483743667602539
-1.8903416395187378
-2.513941526412964
-3.874619483947754
-1.2623406648635864
-1.4068267345428467
-3.3605074882507324
-3.4079489707946777
-1.7020896673202515
-2.4014739990234375
-1.6537412405014038
-2.866647720336914
-4.485263824462891
-3.3326210975646973
-3.5336427688598633
-3.702371835708618
-2.01171875
-2.712714672088623
-4.667219161987305
-3.764167308807373
-3.53405499458313
-2.3584086894989014
-1.0177735090255737
-3.7736589908599854
-1.1268750429153442
-3.9614877700805664
-2.4448509216308594
-1.7627991437911987
-3.2675600051879883
-3.5125069618225098
-2.7839150428771973
-2.3861031532287598
-2.1398160457611084
-2.3551764488220215
-3.7261714935302734
-2.7537763118743896
-3.6802220344543457
-3.327775478363037
-1.060163140296936
-2.9439892768859863
-1.7132936716079712
-2.9862613677978516
-3.1021625995635986
-4.388792991638184
-2.620387077331543
-3.734692335128784
-3.176788330078125
-4.221728801727295
-4.583768367767334
-3.2359976768493652
-2.935328722000122
-2.5073235034942627
-2.031399965286255
-2.3841915130615234
-3.366920232772827
-4.761160373687744
-2.282679796218872
-3.8303544521331787
-3.343721866607666
-3.4916744232177734
-2.0144340991973877
-3.066195487976074
-2.2767832279205322
-4.129054069519043
-2.868588447570801
-3.0099902153015137
-3.2444944381713867
-2.17362380027771
-2.6989526748657227
-3.55684232711792
-2.6705076694488525
-3.187213182449341
-3.8681788444519043
-3.632236957550049
-4.06340217590332
-2.660137176513672
-2.2535200119018555
-2.0197744369506836
-3.0833559036254883
-4.5929365158081055
-3.7385079860687256
-3.1514880657196045
-4.628915309906006
-2.1265103816986084
-3.0495285987854004
-2.345435380935669
-1.5676559209823608
-3.3953371047973633
-2.628061294555664
-2.4251656532287598
-4.601142883300781
-1.2395673990249634
-3.675037145614624
-3.400373697280884
-1.6598528623580933
-2.1701295375823975
-4.444324493408203
-3.730022430419922
-4.1306843757629395
-3.5982837677001953
-0.8034930229187012
-3.939753532409668
-3.5084314346313477
-3.6572117805480957
-3.4083569049835205
-4.886514663696289
-3.41611385345459
-3.480257749557495
-3.0468664169311523
-2.8446531295776367
-2.7500975131988525
-2.1712334156036377
-3.027843475341797
-3.9814910888671875
-3.6055383682250977
-4.478100776672363
-1.5704782009124756
-2.2872085571289062
-2.5106070041656494
-3.7298920154571533
-3.102480173110962
-4.410991668701172
-0.9767276048660278
-3.290600299835205
-3.3414530754089355
-1.3854621648788452
-3.3054728507995605
-2.898725986480713
-2.6949849128723145
-4.1312479972839355
-1.584832787513733
-3.4844717979431152
-4.715235710144043
-3.53116512298584
-4.004982948303223
-2.869051456451416
-3.003533124923706
-2.20878005027771
-1.2636622190475464
-3.1719038486480713
-2.006757974624634
-4.372040748596191
-3.666680335998535
-1.9597352743148804
-3.8231430053710938
-2.6324923038482666
-3.2981817722320557
-4.387024879455566
-3.7203762531280518
-3.1651015281677246
-3.679593563079834
-1.238386631011963
-4.440740585327148
-2.8986291885375977
-4.434920310974121
-4.763408660888672
-2.8515074253082275
-4.699934959411621
-3.3662009239196777
-2.6706132888793945
-2.3709053993225098
-4.747745990753174
-1.9954203367233276
-3.529905319213867
-3.605489730834961
-2.5399460792541504
-2.3482985496520996
-1.0856634378433228
-2.367225170135498
-4.157452583312988
-2.4935035705566406
-3.07000732421875
-3.630160331726074
-2.425198554992676
-1.9477044343948364
-2.7223458290100098
-3.5848746299743652
-3.7228076457977295
-3.9744348526000977
-3.5770456790924072
-1.7449299097061157
-3.6206555366516113
-3.8441994190216064
-2.3385415077209473
-3.232898712158203
-4.135598182678223
-2.639007329940796
-4.129830360412598
-1.1073287725448608
-2.3547000885009766
-3.391767978668213
-2.9526145458221436
-3.5217370986938477
-1.9139350652694702
-3.2936172485351562
-2.912771701812744
-4.241937637329102
-3.4176230430603027
-3.042720079421997
-3.2919371128082275
-3.2343196868896484
-2.048562526702881
-4.64286994934082
-3.559067964553833
-2.4617040157318115
-2.7318897247314453
-1.5919599533081055
-3.3045520782470703
-3.229053497314453
-3.268812656402588
-3.125789165496826
-3.2833712100982666
-2.884418487548828
-3.0104565620422363
-1.8713234663009644
-4.198379039764404
-3.0176591873168945
-3.2413201332092285
-3.950723171234131
-2.9824271202087402
-3.6891016960144043
-1.5914835929870605
-2.9266157150268555
-2.133236885070801
-1.9278160333633423
-4.177374362945557
-4.325465202331543
-3.990443229675293
-1.5301529169082642
-4.861024856567383
-1.0908124446868896
-2.870434045791626
-3.3566982746124268
-2.477494716644287
-3.2609853744506836
-1.9606093168258667
-2.7540717124938965
-2.69588303565979
-2.339932680130005
-1.489674687385559
-3.0561928749084473
-3.2196545600891113
-2.986879587173462
-2.625218629837036
-3.1754980087280273
-3.3498497009277344
-2.9411306381225586
-4.636451244354248
-3.9055418968200684
-3.220426559448242
-2.8010590076446533
-2.9653286933898926
-3.57426381111145
-3.0754592418670654
-3.4522204399108887
-2.3259098529815674
-3.187474250793457
-3.6887435913085938
-3.466033697128296
-2.4778099060058594
-2.934619903564453
-3.38142466545105
-4.712738990783691
-3.4954655170440674
-1.7415027618408203
-4.108333587646484
-4.300048828125
-3.406651020050049
-2.686217784881592
-1.476865530014038
-2.8867154121398926
-2.4855241775512695
-4.665982246398926
-3.678948402404785
-6.557772159576416
-1.6279417276382446
-2.217085123062134
-3.2760443687438965
-4.04695987701416
-2.3192248344421387
-3.6646223068237305
-3.7636125087738037
-2.4130444526672363
-1.5171626806259155
-4.8156328201293945
-2.963776111602783
-1.1253613233566284
-3.8704516887664795
-2.9040608406066895
-1.6144253015518188
-3.425236463546753
-4.069759368896484
-3.669853687286377
-2.1194210052490234
-3.5094404220581055
-2.7361648082733154
-1.5898021459579468
-4.846065521240234
-2.556525230407715
-2.3001887798309326
-3.2291016578674316
-2.3258330821990967
-3.4856841564178467
-1.8698612451553345
-2.5624279975891113
-2.6358802318573
-2.321490526199341
-2.000168800354004
-3.478792190551758
-3.203782320022583
-3.909768581390381
-2.556734085083008
-3.906493663787842
-3.0706441402435303
-2.8740921020507812
-2.2234995365142822
-3.528306007385254
-3.249053955078125
-3.7933905124664307
-3.8927834033966064
-2.7596616744995117
-3.4566659927368164
-3.8441009521484375
-3.6001758575439453
-3.7553529739379883
-2.1134352684020996
-2.3208398818969727
-4.110044956207275
-2.078704357147217
-4.5043487548828125
-2.4829788208007812
-2.698418378829956
-2.5725297927856445
-3.4987142086029053
-4.282505512237549
-3.747337818145752
-1.4436564445495605
-2.349158763885498
-3.4023914337158203
-3.9747395515441895
-2.878373146057129
-3.2281112670898438
-1.9915834665298462
-2.9683291912078857
-2.7921199798583984
-3.632025957107544
-3.4601516723632812
-3.3511362075805664
-3.8446767330169678
-3.6421403884887695
-4.106897354125977
-3.105156898498535
-2.398848533630371
-2.6359140872955322
-2.3449180126190186
-5.375540733337402
-3.2150423526763916
-3.1059041023254395
-2.8906569480895996
-2.874749183654785
-3.270355224609375
-2.635857582092285
-3.6803855895996094
-3.769817352294922
-4.059767723083496
-3.1884946823120117
-1.6373672485351562
-4.7432756423950195
-3.66768741607666
-3.019550323486328
-4.18705415725708
-3.762457847595215
-3.89553165435791
-2.4012560844421387
-3.206623077392578
-4.063514709472656
-2.610729694366455
-2.658576250076294
-2.216095447540283
-1.3377536535263062
-4.206025123596191
-0.9812078475952148
-3.1495368480682373
-1.8104499578475952
-2.8117783069610596
-3.3998818397521973
-4.63481330871582
-4.454206466674805
-3.2201931476593018
-2.9003562927246094
-1.961638331413269
-1.275315284729004
-3.861762523651123
-2.746777057647705
-2.3551926612854004
-3.9120473861694336
-2.946444511413574
-4.503451824188232
-3.715156078338623
-3.239997625350952
-4.340203285217285
-3.6828675270080566
-3.2704296112060547
-5.768729209899902
-1.9085665941238403
-3.4860033988952637
-1.7075356245040894
-2.317565441131592
-4.893234729766846
-3.678838014602661
-4.070319175720215
-3.4026637077331543
-3.1625638008117676
-2.9405031204223633
-3.0984275341033936
-3.41921329498291
-1.5047043561935425
-2.8936409950256348
-1.782820463180542
-1.9439057111740112
-4.620677947998047
-2.8908333778381348
-3.0359928607940674
-2.3587794303894043
-2.9423208236694336
-3.853637933731079
-2.328427791595459
-1.9632457494735718
-3.6253087520599365
-3.6108202934265137
-3.162106513977051
-2.4800453186035156
-1.8584834337234497
-1.1355215311050415
-4.656589984893799
-2.5786991119384766
-3.3792319297790527
-3.5787463188171387
-2.382631540298462
-2.622535228729248
-3.143303394317627
-2.473304033279419
-3.2897226810455322
-3.906123638153076
-2.3820204734802246
-2.316690444946289
-2.1167995929718018
-2.736233711242676
-4.428025245666504
-4.0702009201049805
-4.882329940795898
-3.428194999694824
-3.908694267272949
-2.400646209716797
-2.305384635925293
-4.133315563201904
-4.020230293273926
-3.9890527725219727
-3.0877323150634766
-4.12296724319458
-2.0901670455932617
-3.3746020793914795
-3.4076294898986816
-2.7061734199523926
-2.956599235534668
-3.065004348754883
-2.722007989883423
-2.7851572036743164
-1.9915217161178589
-3.939206123352051
-4.5050506591796875
-3.5191822052001953
-3.528059959411621
-4.157208442687988
-1.3433303833007812
-2.8071770668029785
-4.056867599487305
-2.359679698944092
-3.572918176651001
-2.8718316555023193
-2.328320026397705
-2.7088165283203125
-4.2840447425842285
-1.0359162092208862
-3.373567581176758
-4.206611633300781
-4.337750434875488
-2.7863450050354004
-3.2320590019226074
-3.7343881130218506
-2.3818962574005127
-3.7867889404296875
-3.298098564147949
-2.2891128063201904
-3.16080379486084
